SPARSE 25 25
0 0 0.8919321989632695
0 1 9.693125779787789E-4
0 2 0.00610460575124137
0 3 0.002165485248685808
0 4 1.0311836616707166E-5
0 5 2.887757018912547E-4
0 6 0.002794418190886712
0 7 0.00471250682081803
0 8 2.8873136857083154E-4
0 9 0.002144861441503036
0 10 3.093544676606827E-5
0 11 0.08584591575003234
0 13 3.1959558913128856E-4
0 14 1.0311796989862893E-5
0 15 5.362149573720287E-4
0 17 1.0311893400252271E-5
0 18 0.0013405385772543201
0 19 1.649893627544381E-4
0 22 2.681077097631019E-4
0 24 6.187101507433495E-5
1 0 0.0041998015870593
1 1 0.9461173884888794
1 2 3.5743000168747264E-4
1 3 4.467875228326331E-5
1 4 8.93575227568293E-5
1 5 4.4685612816547707E-4
1 6 1.7870931972343196E-4
1 7 8.935747510555438E-5
1 8 8.935750521006326E-5
1 9 7.148599904890145E-4
1 11 4.4678696798567557E-4
1 12 8.935967051909458E-5
1 13 1.340063687646887E-4
1 14 8.935717936910818E-5
1 15 1.78714863305251E-4
1 16 4.4678900028137394E-5
1 18 2.680725316917516E-4
1 19 0.04427664632342071
1 20 0.002099901665518208
1 24 4.467875803791813E-5
2 0 0.014898326568481033
2 1 2.0132881915764603E-4
2 2 0.9536944409339605
2 3 1.2583049466553854E-4
2 4 7.549831216833578E-5
2 5 5.033992649867645E-5
2 6 3.2714887098476205E-4
2 7 0.00515904858035989
2 8 5.033219822869877E-5
2 9 0.0015602980333559373
2 10 0.0049577123892061425
2 11 0.013086355193795196
2 12 1.0066683575431137E-4
2 13 1.2580243634811235E-4
2 15 0.004555060190053938
2 16 2.516618215301078E-5
2 18 4.781559118213375E-4
2 19 1.5099660318399497E-4
2 20 1.0066441050705224E-4
2 22 1.7616270061803098E-4
2 24 1.0066440869807367E-4
3 0 0.011995884333122984
3 1 5.712328192298096E-5
3 2 2.856163570806502E-4
3 3 0.9095167696736243
3 6 1.1424291108192099E-4
3 7 0.005598079012761161
3 8 0.06380669759087952
3 9 8.568490557965538E-4
3 10 5.7123169207621176E-5
3 11 0.0018850657031793984
3 12 5.7124658686758996E-5
3 13 5.711053642973738E-5
3 14 0.0037701223677368218
3 15 7.426019569052706E-4
3 16 1.713703888871759E-4
3 18 2.2849311159841215E-4
3 19 5.712327769188943E-5
3 20 1.1424656489943261E-4
3 23 6.28356048507498E-4
4 0 6.922327752615798E-5
4 1 1.3844661126594492E-4
4 2 2.0766987870157947E-4
4 4 0.9959849871997777
4 5 4.8463747864631E-4
4 6 6.922109238082228E-5
4 10 0.002353587747423976
4 12 3.461248701364703E-4
4 13 6.920786034824603E-5
4 17 1.3844738278155966E-4
4 19 1.3844660101127492E-4
5 0 9.94421867859092E-4
5 1 3.551508113169184E-4
5 2 7.103014919659378E-5
5 4 2.4860558433671155E-4
5 5 0.9280093801224355
5 6 3.5513945446500505E-5
5 7 5.682410325568391E-4
5 10 3.5515011042759665E-5
5 11 1.4206012853747836E-4
5 12 0.06410626670775031
5 13 7.101431139828984E-5
5 15 7.103009452363485E-5
5 16 0.0018112748790084252
5 17 0.003125344558638941
5 18 1.065452358895963E-4
5 19 1.0654523550211339E-4
5 20 7.103016291845531E-5
5 24 7.103016164181962E-5
6 0 0.012159536552068764
6 1 1.7947662714483408E-4
6 2 5.832989309362424E-4
6 3 8.973830122930204E-5
6 4 4.486915974826927E-5
6 5 4.487604016375375E-5
6 6 0.9070458729365599
6 7 0.0039036148165021646
6 8 8.973830187556045E-5
6 9 6.73037215871703E-4
6 10 0.0034100491872616386
6 11 0.0013909419417539588
6 13 0.06607752173902241
6 14 0.002512663290381936
6 15 6.281675960491387E-4
6 18 2.2434576813014484E-4
6 19 8.973830692575883E-5
6 21 5.83298372329537E-4
6 22 2.692149160451031E-4
7 0 0.009063506346138662
7 1 3.9665251755814384E-5
7 2 0.0040656875571573785
7 3 0.0019435970686931157
7 5 3.173706959521018E-4
7 6 0.0017253832845769298
7 7 0.8860419797202147
7 8 2.974893493914099E-4
7 9 1.1899573123522245E-4
7 10 5.751450155843201E-4
7 11 8.92466933428184E-4
7 13 6.543306255086211E-4
7 14 3.966510194679443E-5
7 15 0.09259844192855576
7 17 1.9832736398289355E-5
7 18 2.379914937723782E-4
7 20 8.726355466745099E-4
7 22 3.569872330852739E-4
7 24 1.388283799306909E-4
8 0 0.0021498766370253194
8 1 1.5356267928159028E-4
8 2 1.535626510363611E-4
8 3 0.08576474458182305
8 6 1.5355776947758337E-4
8 7 0.001151719556473315
8 8 0.8868243572551961
8 9 4.6068794480481066E-4
8 11 0.012592122331387528
8 14 0.002917679886716074
8 15 0.00637284511348491
8 16 3.071263319280249E-4
8 18 3.839066711641823E-4
8 21 7.678125198482262E-5
8 23 4.606879992471402E-4
8 24 7.678133896900736E-5
9 0 0.007941961464231644
9 1 6.109203606857991E-4
9 2 0.002367315962230128
9 3 5.727377593628334E-4
9 6 5.727195262044863E-4
9 7 2.29095028212998E-4
9 8 2.2909510539503467E-4
9 9 0.9767087293915641
9 10 4.2000691921445835E-4
9 11 0.007712858914462171
9 13 1.5269601264401278E-4
9 14 7.636475666764882E-5
9 15 3.054598890776523E-4
9 17 7.636547064188966E-5
9 18 0.0013745707147275754
9 19 2.6727763800292237E-4
9 20 3.818252289494451E-5
9 21 1.145474368575202E-4
9 22 7.636503808704363E-5
9 24 1.5273008883515897E-4
10 0 1.4550427303586727E-4
10 2 0.009554782718117629
10 3 4.850143736698032E-5
10 4 0.0016490492061697725
10 5 4.850888486834773E-5
10 6 0.003685991892477458
10 7 0.001406541219909652
10 9 5.335157766737966E-4
10 10 0.9771081635715034
10 11 9.70027542703376E-5
10 12 2.4251306499846662E-4
10 13 0.003297362315825606
10 14 1.4550378257033764E-4
10 15 0.001600546127098868
10 18 1.9400576248894245E-4
10 19 4.8501440445873345E-5
10 20 9.700288897115121E-5
10 22 4.850143959330504E-5
10 24 4.850144361398734E-5
11 0 0.12134878607395039
11 1 1.4576436678111651E-4
11 2 0.007579745678454925
11 3 4.8102234421311835E-4
11 5 5.831469167101066E-5
11 6 4.5185508957822307E-4
11 7 6.559393440290874E-4
11 8 0.0023905353036086474
11 9 0.0029444396143239603
11 10 2.9152815831998178E-5
11 11 0.8535366487477565
11 12 2.1865181990174789E-4
11 13 0.002812624579587493
11 14 1.4576381625399144E-5
11 15 0.004533267484290093
11 18 0.0013118792086302508
11 19 9.620447494973018E-4
11 22 1.0203504739551362E-4
11 23 1.4576435456861756E-5
11 24 4.0814022341616386E-4
12 1 8.180354330175957E-5
12 2 1.636070565100637E-4
12 3 4.0901766024703386E-5
12 4 2.0450887175591474E-4
12 5 0.07383902437250522
12 10 2.0450845470881279E-4
12 11 6.135257284389978E-4
12 12 0.919903015586573
12 13 1.2267793596441967E-4
12 15 4.908207917867062E-4
12 16 0.0011861551372069933
12 17 0.002576825974040407
12 18 8.180353753993114E-5
12 19 1.6360707448493427E-4
12 20 1.2270531608413583E-4
12 22 4.0901767902235106E-5
12 24 1.6360708517202673E-4
13 0 0.0017295828910209106
13 1 1.673790573995701E-4
13 2 2.7896504436653247E-4
13 3 5.579301146056969E-5
13 4 5.5793022815691176E-5
13 5 1.1160315340822376E-4
13 6 0.08218049015802396
13 7 0.0018411687713047568
13 9 2.231720314712668E-4
13 10 0.003793917816572746
13 11 0.010768037842475901
13 12 1.6738309060686203E-4
13 13 0.8910388767256159
13 14 0.0022317123383683523
13 15 0.004798195071250064
13 16 5.579319591720281E-5
13 18 5.5793015204383074E-5
13 19 1.115860300031037E-4
13 21 3.347577327140545E-4
14 0 1.5797866296153178E-4
14 1 3.1595745421112125E-4
14 3 0.0104265945547936
14 6 0.008846525863127206
14 7 3.15957306581253E-4
14 8 0.0060031908475088385
14 9 3.159573904009952E-4
14 10 4.73935246151702E-4
14 11 1.579785091891771E-4
14 13 0.006317739144593575
14 14 0.9655623333000866
14 15 1.5797857646874614E-4
14 16 3.159584555636577E-4
14 21 1.579785467527753E-4
14 23 4.739361416092324E-4
15 0 0.0010699597972356563
15 1 8.230463320556433E-5
15 2 0.0037242839675338656
15 3 2.674900211248479E-4
15 5 4.115862997572351E-5
15 6 2.8805700599010797E-4
15 7 0.09607003822070263
15 8 0.0017078209164042048
15 9 1.646092331668815E-4
15 10 6.790118841216727E-4
15 11 0.006399176404650235
15 12 2.469198506374405E-4
15 13 0.001769154787791129
15 14 2.0576080588721322E-5
15 15 0.8862965975641302
15 18 1.2345694111288037E-4
15 19 2.057615677732707E-5
15 20 5.967085962426031E-4
15 22 1.4403309490944343E-4
15 24 2.8806621369908145E-4
16 1 1.736103193601787E-4
16 2 1.736102874274235E-4
16 3 5.208308864399838E-4
16 5 0.008855484646665373
16 8 6.944411869212345E-4
16 12 0.005034820606267559
16 13 1.7357158285216518E-4
16 14 3.4721932732132544E-4
16 16 0.982637521827945
16 17 0.0012152790078388028
16 20 1.7361032096104947E-4
17 0 1.7064703255030084E-4
17 4 3.4129422620898396E-4
17 5 0.015019248797912053
17 7 1.7064702210378422E-4
17 9 3.412941347496945E-4
17 12 0.010751026528256512
17 16 0.001194533498686209
17 17 0.9720113087595326
18 0 0.006725991147053128
18 1 3.1043048667763406E-4
18 2 9.830296936676262E-4
18 3 2.069536293186051E-4
18 5 1.5523905566978123E-4
18 6 2.586838011627998E-4
18 7 6.208606832593637E-4
18 8 2.586920385113097E-4
18 9 0.0018625825439009442
18 10 2.0695324942519164E-4
18 11 0.00465645087700796
18 12 1.0347932285218164E-4
18 13 5.1726870437703346E-5
18 15 3.1043019067301497E-4
18 18 0.9822019906683543
18 19 1.5521523184210457E-4
18 21 8.278136860812944E-4
18 23 5.1738410111494425E-5
18 24 5.173841399359417E-5
19 0 0.001303568082914645
19 1 0.08073978091838276
19 2 4.888381396630457E-4
19 3 8.14730270561277E-5
19 4 1.629460872828082E-4
19 5 2.444566123220474E-4
19 6 1.629408667092284E-4
19 9 5.703111526598999E-4
19 10 8.147287750056618E-5
19 11 0.005377213107957925
19 12 3.2590000758114373E-4
19 13 1.6290971957646613E-4
19 15 8.147296057580433E-5
19 18 2.444190975730107E-4
19 19 0.9053283341184457
19 20 0.004643963223798721
20 1 0.005284461194068109
20 2 4.4974129549631413E-4
20 3 2.2487065817830605E-4
20 5 2.2490518762620924E-4
20 7 0.004947152848856793
20 9 1.124353218473407E-4
20 10 2.248702453955537E-4
20 12 3.3731416328781227E-4
20 15 0.0032606218829822923
20 16 1.1243570089326221E-4
20 19 0.006408814164916906
20 20 0.9784123773364511
21 6 0.00362105999036622
21 8 2.7855194590607925E-4
21 9 8.356557778765659E-4
21 13 0.0016709389862648318
21 14 2.785509301712704E-4
21 18 0.004456831401527952
21 21 0.9860728913086595
21 22 0.0016713117401170204
21 24 0.0011142079191105866
22 0 0.0018592671696534345
22 2 5.005720414674394E-4
22 6 4.290481105086178E-4
22 7 0.0012871848848089386
22 9 1.4302058069834956E-4
22 10 7.151016368753978E-5
22 11 5.005714430457114E-4
22 12 7.15120283057555E-5
22 15 5.005716562288542E-4
22 21 4.290613389174368E-4
22 22 0.9429347925603058
22 23 8.581235855998345E-4
22 24 0.05041476443677225
23 3 0.004845814745234352
23 8 0.002643171698254382
23 11 4.4052806612889233E-4
23 14 0.0013215810299823613
23 18 4.405286427699953E-4
23 22 0.005286343601092947
23 23 0.983259917536763
23 24 0.0017621146797740577
24 0 5.775892813867243E-4
24 1 9.626491931766824E-5
24 2 3.8505960644552063E-4
24 5 1.925593755830118E-4
24 7 6.738541203666771E-4
24 8 9.626490676970624E-5
24 9 3.8505959950450923E-4
24 10 9.62647293682107E-5
24 11 0.0026954140228124717
24 12 3.850689578348577E-4
24 15 0.001347707585367144
24 18 9.626491253741702E-5
24 21 3.850592376744801E-4
24 22 0.06786676189912126
24 23 3.8505964500937733E-4
24 24 0.924335747200901
