SPARSE 28 28
0 0 0.9878900371524327
0 1 0.001818690253960539
0 2 0.007113374629960471
0 3 9.310699130681944E-5
0 4 1.1172840308304329E-4
0 5 1.2414274805702682E-5
0 6 3.072900964474922E-4
0 7 5.586421289910853E-5
0 8 0.002178660294893246
0 9 9.31089191728303E-6
0 10 3.103567474548897E-5
0 12 3.10356747297354E-6
0 14 2.4828539793134348E-5
0 22 9.310702220347125E-6
0 24 3.1035795556857882E-6
0 27 3.381407345061626E-4
1 0 0.006934910569928105
1 1 0.985349179545821
1 2 1.5384614480472509E-4
1 3 2.3668636018160153E-5
1 4 1.0650887496521969E-4
1 5 4.497044211677303E-4
1 6 1.1835744088540448E-5
1 7 0.006556214303005941
1 8 1.0650674522006688E-4
1 10 1.18343221945873E-5
1 11 2.366864438251323E-5
1 12 5.9171610942901236E-5
1 13 1.1834322186770903E-5
1 15 1.1834322199295541E-5
1 22 1.1834321936184348E-5
1 25 2.3668644375183465E-5
1 27 1.5377882676266381E-4
2 0 0.09235233314537265
2 1 5.238134943826755E-4
2 2 0.9038602165420114
2 3 8.05866756202541E-5
2 4 2.0146671342039657E-4
2 6 8.05963866140105E-5
2 7 0.0012088005262800266
2 8 9.267283505604412E-4
2 9 3.62647549087473E-4
2 13 4.029335203427467E-5
2 18 4.029394565466309E-5
2 21 4.0293352020007594E-5
2 27 2.819299669413833E-4
3 0 0.01031637052528286
3 1 6.877581485788346E-4
3 2 6.877580613112496E-4
3 3 0.9876205074394349
3 17 3.4387726492560004E-4
3 27 3.4372856046649083E-4
4 0 0.0077352815817097785
4 1 0.0019338207147325133
4 2 0.001074344705197626
4 4 0.987967441778371
4 7 6.446069873678669E-4
4 8 4.297293111967964E-4
4 27 2.14774921424416E-4
5 0 2.0224473851832044E-4
5 1 0.0019213253331661225
5 5 0.9882696241031921
5 6 0.0014664510000805397
5 7 1.0112239889152505E-4
5 12 1.0112240181385485E-4
5 15 1.0112240190541537E-4
5 17 5.0560926943660335E-5
5 19 0.007786426695488432
6 0 0.0024419223412941657
6 1 2.466588630852155E-5
6 2 4.933176635672696E-5
6 5 7.15311098301665E-4
6 6 0.9874448940416037
6 9 0.006832590654940888
6 16 1.7266131697492076E-4
6 17 1.479945390609636E-4
6 18 0.001997966542116324
6 19 2.4665895739793135E-5
6 24 1.4799591730240666E-4
7 0 0.002993015479304899
7 1 0.09211838051773244
7 2 0.004988359322875529
7 4 4.988359579767572E-4
7 5 3.3255751417235127E-4
7 7 0.8979049069085908
7 8 3.325506555208154E-4
7 19 8.31393643826452E-4
8 0 0.049174813495050054
8 1 6.304464309544341E-4
8 2 0.0016111406746769667
8 4 1.4009919631706978E-4
8 7 1.4009922479965928E-4
8 8 0.9264574598577073
8 22 7.004961293019761E-5
8 27 0.021775891507564277
9 0 9.068661461583084E-4
9 2 0.0027205985424831936
9 6 0.08374406200938207
9 9 0.9105124353017225
9 17 3.022871747358832E-4
9 18 0.001209173064839686
9 19 3.022888808717774E-4
9 23 3.022888798066244E-4
10 0 0.0028248578458409342
10 1 2.824858312270826E-4
10 10 0.9892655365932901
10 12 5.64971751051481E-4
10 21 0.00649717513379816
10 22 2.8248586950103646E-4
10 24 2.824869752913097E-4
11 1 9.348413975607535E-5
11 11 0.9880340282461856
11 13 0.0025708142460470398
11 14 0.009021220904540108
11 15 2.3371038625161946E-4
11 20 4.674207721953372E-5
12 0 6.053266817531827E-4
12 1 0.0030266339085122263
12 5 0.0012106542324566453
12 10 0.0012106537538708044
12 12 0.9939467314234072
13 1 7.429419343383229E-4
13 2 7.429418400685982E-4
13 11 0.040861812805685856
13 13 0.9049034177901918
13 14 0.052005943578687826
13 20 7.429420510277482E-4
14 0 3.994406541240494E-4
14 11 0.009636508885236383
14 13 0.0034951068482428063
14 14 0.9836229278118336
14 16 4.493711036675109E-4
14 20 0.0023966446968956404
15 1 2.804262035250163E-4
15 5 5.608527169977326E-4
15 11 0.0014021312378205417
15 15 0.987661244591697
15 16 5.608527734619009E-4
15 23 2.8042630974806564E-4
15 25 0.009254066166749751
16 6 0.001821237265968801
16 14 0.0023413094616805486
16 15 5.202909917598105E-4
16 16 0.98803308301087
16 18 2.6014932819191846E-4
16 23 0.00702392994152895
17 3 8.474636342181445E-4
17 5 8.474642689543779E-4
17 6 0.005085394537257526
17 9 8.474811816438111E-4
17 17 0.9542392186420497
17 18 0.029661674649330207
17 24 8.474672328168279E-4
17 27 0.00762383585372924
18 2 7.575598899149703E-4
18 6 0.06136974132238227
18 9 0.0030303020940071475
18 16 7.575604809716253E-4
18 17 0.026514459999365615
18 18 0.9075703762133583
19 5 0.10280374451876856
19 6 6.676367256506777E-4
19 7 0.0033377824953289476
19 9 6.675701049732274E-4
19 19 0.8918557096369769
19 25 6.675565183016986E-4
20 11 2.2988505746623016E-4
20 13 2.2988505737909392E-4
20 14 0.011034482760037196
20 20 0.9885057471251175
21 2 0.0021186434689687015
21 10 0.048728813635588536
21 21 0.9491525428954428
22 0 0.002173912423418453
22 1 7.246375941222265E-4
22 8 7.246230496814243E-4
22 10 7.246377081257389E-4
22 22 0.9956521892246523
23 9 0.005494615278875068
23 15 0.005494503455555485
23 16 0.14835166682153159
23 23 0.8351647098732128
23 26 0.005494504570825093
24 0 0.0024999853267754064
24 6 0.015001719044742266
24 10 0.0024999861328766386
24 17 0.002499972585513981
24 24 0.9649984037035008
24 26 0.012499933206590813
25 1 0.0060240954423656425
25 15 0.09939759047628857
25 19 0.003012048872733873
25 25 0.8915662652086119
26 23 0.007936506917030422
26 24 0.03968268026751055
26 26 0.952380812815459
27 0 0.010500306609987657
27 1 0.0012523303528348166
27 2 6.74331642923004E-4
27 3 9.633308515744335E-5
27 4 9.633309680496219E-5
27 8 0.029958994298298968
27 17 8.669933767529774E-4
27 27 0.9565543775372403
