SPARSE 29 29
0 0 0.9732999112863915
0 1 0.007276685693684271
0 2 1.3803376281228E-4
0 3 6.310145937115308E-4
0 4 0.0012620285474089082
0 5 0.00374667614789064
0 9 9.85738928881742E-5
0 11 7.887671377766586E-5
0 14 0.004279062575076289
0 17 1.9719176330546537E-5
0 18 3.1550673528432004E-4
0 19 0.008321494041961476
0 20 1.9718531784939773E-5
0 22 5.915754906093291E-5
0 23 3.1550650065408813E-4
0 24 5.915753667069881E-5
0 26 5.9157536248426363E-5
0 27 1.971917836301492E-5
1 0 0.003686133857156947
1 1 0.9192342704451286
1 2 5.294424533460484E-4
1 3 0.006772900956021908
1 4 0.009170383369318155
1 5 0.0590685131937746
1 6 9.989515634378686E-6
1 8 9.989515576078603E-6
1 9 1.1984743716368109E-4
1 10 3.9958086831184074E-5
1 11 3.9958061786525135E-5
1 13 2.0977875601436183E-4
1 14 1.698217964325137E-4
1 16 9.989515675778214E-6
1 17 5.993708625434232E-5
1 18 1.997902330511015E-5
1 19 3.596225879915982E-4
1 20 5.993512705499094E-5
1 22 2.597274618854507E-4
1 23 9.989504223429264E-6
1 24 1.0988467239734984E-4
1 27 4.9947577026962244E-5
2 0 2.662219710275561E-4
2 1 0.002015764740394389
2 2 0.9344351526568601
2 3 1.901586798961881E-4
2 4 5.704757503836943E-4
2 5 0.0011029282908240692
2 9 0.006501966669768542
2 13 0.04742526684822127
2 18 0.0012930767217524616
2 19 7.606337221120163E-5
2 20 0.005362291412103929
2 23 6.845695200768106E-4
2 24 3.803168359065481E-5
2 25 3.8031682889262914E-5
3 0 7.966530567327314E-4
3 1 0.016879790908979054
3 2 1.24476511845951E-4
3 3 0.8396728921333897
3 4 0.12751430183925305
3 5 0.010804692277135068
3 8 2.4895390399015197E-5
3 9 5.475763756554408E-4
3 10 9.958162271823728E-5
3 11 2.4895390076426053E-5
3 14 3.2364013548150377E-4
3 16 7.468617194241472E-5
3 17 4.979077481534249E-5
3 18 2.489538062139983E-5
3 19 0.002091212951986197
3 20 1.7426201569466625E-4
3 22 1.9916316682783928E-4
3 23 7.468608632294879E-5
3 24 3.983262502282894E-4
3 27 9.95815598946273E-5
4 0 7.610526713199447E-4
4 1 0.010916804731937913
4 2 1.783709628486412E-4
4 3 0.06090803797256046
4 4 0.9134536259624894
4 5 0.009869979656112252
4 9 6.776608090751842E-4
4 10 4.756578748025734E-5
4 11 3.5674318251400565E-5
4 12 1.1891440320101598E-5
4 13 1.3080516744931776E-4
4 14 4.043090207444044E-4
4 15 1.1891439540944604E-5
4 16 5.945719844948431E-5
4 17 2.378287628477335E-5
4 18 1.1891434900883159E-5
4 19 0.0017956075113225694
4 20 1.1891049455993117E-4
4 22 2.7350317006129813E-4
4 23 4.7565704230714294E-5
4 24 1.3080583654576257E-4
4 26 2.378287920219222E-5
4 27 1.0702295431240664E-4
5 0 0.003237313000688008
5 1 0.10075279198215527
5 2 4.941140978453262E-4
5 3 0.0073947094559486766
5 4 0.014141948700094479
5 5 0.872207153762271
5 9 1.362774034617995E-4
5 10 6.815395149402423E-5
5 11 5.111543158379831E-5
5 12 3.4076956976828345E-5
5 13 2.3853746593774632E-4
5 14 2.044617670761794E-4
5 16 3.407695517085493E-5
5 17 1.0223085220849643E-4
5 18 5.1115412170516285E-5
5 19 4.259619676635285E-4
5 20 3.407583688020599E-5
5 22 1.7038481148460343E-4
5 23 1.7038458052549746E-5
5 24 1.874232533779422E-4
5 26 1.7038477458189605E-5
6 1 8.436328858359159E-5
6 6 0.9974692051509507
6 7 2.5307912646639597E-4
6 8 0.002024633016231071
6 11 8.435970791651439E-5
6 16 8.435970985153797E-5
7 6 2.880737491046906E-4
7 7 0.8482811596944422
7 8 0.14893412741796347
7 11 2.880737436907342E-4
7 15 0.0012483195689904018
7 16 2.880737502985034E-4
7 21 6.721720755099186E-4
8 1 2.7663691041636822E-5
8 3 2.7662555630402647E-5
8 6 6.639004180721539E-4
8 7 0.04290456417216838
8 8 0.9535269698914626
8 11 1.383125844989674E-4
8 15 0.002157676340649128
8 16 2.2130014027447944E-4
8 21 3.042876890204986E-4
8 28 2.7662517181762128E-5
9 0 2.61547129044283E-4
9 1 6.277392947668951E-4
9 2 0.008944873860495776
9 3 0.0011508081492910816
9 4 0.0029816377841472173
9 5 4.1847870544227357E-4
9 9 0.9236823151338794
9 11 5.2309388108777304E-5
9 13 0.008160222997480017
9 14 5.2309398529515944E-5
9 17 1.0461876500507016E-4
9 18 5.754030507130698E-4
9 19 2.6154696374737393E-4
9 20 0.050999981261337875
9 22 5.230940024461052E-5
9 23 0.0015169705512916327
9 24 1.0461877858227446E-4
9 27 5.2309387892890405E-5
10 1 0.005405629965800767
10 3 0.005405408100368965
10 4 0.005405405359119081
10 5 0.005405447050833857
10 10 0.9783781095238773
11 0 3.2097599908824154E-4
11 1 3.209893915946039E-4
11 3 8.024405427673338E-5
11 4 2.4073204074754007E-4
11 5 2.4073389750473465E-4
11 6 8.024394343434199E-5
11 7 2.4073182836309903E-4
11 8 4.0121971483024016E-4
11 9 8.022603740752281E-5
11 11 0.9974321981434819
11 15 8.024394276174737E-5
11 16 8.02439437668827E-5
11 18 8.02439114504422E-5
11 19 1.6048789809360657E-4
11 20 8.024131045415667E-5
11 28 8.024394274420552E-5
12 4 0.002450982284513721
12 5 0.0049020023776990395
12 12 0.9852940733440055
12 22 0.00735294199378165
13 1 0.00134449695781811
13 2 0.07983384001206209
13 4 7.042310490303485E-4
13 5 8.963009754495174E-4
13 9 0.009985039368074091
13 13 0.9000018936495487
13 18 0.0014084603054233121
13 19 1.280419059382058E-4
13 20 0.00512150782671844
13 23 5.121670029133123E-4
13 27 6.402094702388062E-5
14 0 0.027392084538664867
14 1 0.0021460132107669633
14 3 0.0016410015708614052
14 4 0.004291848085723626
14 5 0.001514781595974146
14 9 1.2620254795530774E-4
14 14 0.9237565442086085
14 17 1.2623069979739144E-4
14 18 1.2623066538801483E-4
14 19 0.038247909532704814
14 22 2.5246148524270154E-4
14 23 2.5246114303033974E-4
14 26 1.2623071528195966E-4
15 4 1.2183246618398029E-4
15 7 0.0015838206630739398
15 8 0.009502923999564619
15 11 1.2183235739010173E-4
15 15 0.9736842103994723
15 16 1.218323601846643E-4
15 21 0.014863547754130445
16 1 1.485505670931353E-4
16 3 4.456334102295076E-4
16 4 7.427219737252299E-4
16 5 2.970910809248268E-4
16 6 1.4854426488965328E-4
16 7 4.456327910778474E-4
16 8 0.001188354112182135
16 11 1.4854426209796474E-4
16 15 1.4854426364457394E-4
16 16 0.9688056996251678
16 18 2.970884113647624E-4
16 20 1.4853939082566377E-4
16 24 0.008615567396464869
16 26 0.0013368983795637094
16 27 0.017082590070748385
17 0 3.1565684019516847E-4
17 1 0.0018940200645708814
17 3 6.313141092017386E-4
17 4 6.313137890430336E-4
17 5 0.0018939559750262107
17 9 6.311723628428369E-4
17 14 3.1565667554355603E-4
17 17 0.9930555969315765
17 19 3.1565664065660236E-4
17 27 3.1565661134341403E-4
18 0 9.94037052540826E-4
18 1 1.2425981600605514E-4
18 2 0.0021123197721460273
18 3 6.212735798294119E-5
18 4 6.212732647626525E-5
18 5 1.863834169854613E-4
18 9 6.832474966539929E-4
18 11 6.212727099786622E-5
18 13 0.0013667930014239855
18 14 6.212728337721756E-5
18 16 1.242545448458534E-4
18 18 0.9811134909814947
18 19 1.8638182953239495E-4
18 20 2.485009345354523E-4
18 23 0.012549694642598336
18 24 6.212727240245465E-5
19 0 0.017455337866421908
19 1 0.0014891430863300974
19 2 8.272636866232561E-5
19 3 0.003474524589358536
19 4 0.006245868415778409
19 5 0.0010340921506508838
19 9 2.0677050407728133E-4
19 11 8.272666011054764E-5
19 13 8.272623881876502E-5
19 14 0.012533091504066498
19 17 4.1363325621182175E-5
19 18 1.2408994303771587E-4
19 19 0.9564857290730033
19 20 8.27239472214143E-5
19 22 1.2409001896125765E-4
19 23 2.8954298509932416E-4
19 26 1.6545332278068418E-4
20 0 7.08649429766599E-5
20 1 4.2520739802890984E-4
20 2 0.009991914556258535
20 3 4.960549377640809E-4
20 4 7.08649551725234E-4
20 5 1.4173100346667684E-4
20 9 0.06907785358917824
20 11 7.086489189365644E-5
20 13 0.005669162481655482
20 16 7.08648935190857E-5
20 18 2.834594599231291E-4
20 19 1.4172979636345435E-4
20 20 0.9115760756363028
20 23 0.0010629721842460827
20 24 7.08648934957352E-5
20 27 1.4172978320226628E-4
21 7 0.0029362416120630058
21 8 0.004614093972068475
21 15 0.051174496650833075
21 21 0.9412751677650354
22 0 2.9498536645241046E-4
22 1 0.0025566465125072715
22 3 7.866281781796166E-4
22 4 0.0022615548653617443
22 5 9.832923081102528E-4
22 9 9.830644496650803E-5
22 12 2.949851762046225E-4
22 14 1.9665680838887615E-4
22 19 2.949851799809974E-4
22 22 0.991740317229055
22 24 2.949851604742476E-4
22 26 9.832838612287163E-5
22 27 9.832838419581255E-5
23 0 0.001145478036676016
23 1 7.1595364432392E-5
23 2 0.0012886573223138712
23 3 2.1477727776110847E-4
23 4 2.86369558454785E-4
23 5 7.159294180248977E-5
23 9 0.00207571419593405
23 13 5.727356887547417E-4
23 14 1.4318467989713979E-4
23 18 0.014461644295635262
23 19 5.011463242524301E-4
23 20 0.0010738496689459238
23 23 0.9780932546451399
24 0 2.057332376973393E-4
24 1 7.543866798514191E-4
24 2 6.857745486218255E-5
24 3 0.0010972446796742221
24 4 7.54355334719108E-4
24 5 7.543611530336217E-4
24 9 1.3712478997622462E-4
24 16 0.00397750648610152
24 18 6.857767041810961E-5
24 20 6.857544756696942E-5
24 22 2.0573313713058812E-4
24 24 0.9857358312479968
24 25 6.857769674890024E-5
24 26 0.0012343985554341844
24 27 0.0048690164287886915
25 2 0.0012853425158326495
25 24 0.0012853470732035106
25 25 0.9974293104109639
26 0 8.384578270447673E-4
26 4 5.58971980898783E-4
26 5 2.7948814611437883E-4
26 14 2.794857965639393E-4
26 16 0.002515371725564523
26 19 0.001117943062698614
26 22 2.7948580572962603E-4
26 24 0.0050307434494713255
26 26 0.98658468054843
26 27 0.00251537165748396
27 0 1.415629577791278E-4
27 1 7.078443219886162E-4
27 3 5.662522157355586E-4
27 4 0.0012740668392863278
27 9 1.4153126936068683E-4
27 13 1.4156213481060663E-4
27 16 0.016279728782382725
27 17 1.4156284055476443E-4
27 20 2.8311642680404656E-4
27 22 1.4156288858016637E-4
27 24 0.010050962984072145
27 26 0.0012740657212809397
27 27 0.9688561806173643
28 8 0.004310344839640608
28 11 0.004310344783788159
28 28 0.9913793103765711
