SPARSE 27 27
0 0 0.8678815285930978
0 1 0.09594232413134364
0 2 7.92184265100978E-4
0 3 0.0028386610775252767
0 4 8.141644342784383E-4
0 5 3.300767954441787E-4
0 6 0.01199279037409898
0 7 0.0011222611321465715
0 8 4.401023927353487E-5
0 9 8.802044583625473E-5
0 10 6.601532796195882E-4
0 11 4.841126520840335E-4
0 12 6.601740230463847E-5
0 13 0.004577065528196571
0 14 0.0029706898754416167
0 15 2.2005116983346245E-5
0 16 0.0012102817178074115
0 17 2.2010474492626465E-4
0 18 0.006315469741505335
0 20 3.520819363318298E-4
0 21 0.00109995557555016
0 23 6.601533333127037E-5
0 24 4.401023665673278E-5
0 25 4.401024601872701E-5
0 26 2.2005125097312382E-5
1 0 0.052403823093440195
1 1 0.853822145605896
1 2 0.003557692152531036
1 3 0.06039664888007728
1 4 8.413203356759209E-4
1 5 0.001117788474824095
1 6 0.004507211644508287
1 7 2.1634616174522525E-4
1 8 3.605769263874584E-5
1 9 0.004338940735058776
1 10 0.0010697110467962191
1 11 1.44230776535938E-4
1 12 2.2837245538164175E-4
1 13 0.008737982078424588
1 14 4.326921258802988E-4
1 16 0.006129808446438612
1 17 8.415508998152754E-5
1 18 0.0010336539220537494
1 19 1.2019213056047134E-5
1 20 5.168269603269275E-4
1 21 8.411164461210541E-5
1 23 2.2836529822706816E-4
1 25 3.605769816510027E-5
1 26 2.4038467724283165E-5
2 0 7.799633475502408E-4
2 1 0.006413035017804799
2 2 0.9046711792109282
2 3 9.316235173482345E-4
2 4 4.332998645744096E-4
2 5 3.6831619168791434E-4
2 6 0.003553168008239743
2 8 2.1665658275990077E-5
2 9 8.449603587530136E-4
2 10 0.0035748319396371134
2 11 1.299939550465229E-4
2 12 1.0833164450123102E-4
2 13 9.96620420866925E-4
2 14 0.07281824619969647
2 16 0.0011916113408391709
2 17 1.0835465263703025E-4
2 18 6.283041303706918E-4
2 20 2.599879156633528E-4
2 21 2.1659742832064925E-4
2 23 8.666259952469671E-5
2 24 0.0014082677042052147
2 25 4.549788935277643E-4
3 0 0.0025881767663547134
3 1 0.10081856150701748
3 2 8.627259308030944E-4
3 3 0.8654547945028653
3 4 2.0062778934342624E-5
3 5 3.410777125026349E-4
3 6 0.010412902049990156
3 7 0.0010432965580528316
3 9 0.0012439300152489777
3 10 2.206972393230669E-4
3 11 3.6114112135483736E-4
3 12 1.2038409496726214E-4
3 13 0.004835278826585773
3 14 0.0026283035901348353
3 16 0.0016652619578862195
3 17 3.812972657968066E-4
3 18 0.00475502487282281
3 20 2.2069735666756547E-4
3 21 6.017375047349094E-5
3 22 2.006342490856351E-5
3 23 0.0017053878971121576
3 25 1.8057058086453812E-4
3 26 6.0190199332643346E-5
4 0 0.00203015282458646
4 1 0.0038408314941924693
4 2 0.0010973803402127627
4 3 5.486903236232421E-5
4 4 0.9330739109819624
4 6 4.389521655559463E-4
4 7 1.0973804281367448E-4
4 8 1.0973803981462101E-4
4 9 0.0023593669792353065
4 10 0.0012071178720745482
4 11 5.486902218254649E-5
4 13 8.230354143633322E-4
4 14 8.230349452346976E-4
4 15 3.840830930390639E-4
4 16 5.4869026153716704E-5
4 18 1.0973804686480186E-4
4 19 4.938204468919361E-4
4 20 2.194760934323729E-4
4 21 0.05167250502284056
4 23 7.681659810692542E-4
4 24 5.4869016644955534E-5
4 25 1.646070849495304E-4
4 26 5.486903352258241E-5
5 0 9.22849372971404E-4
5 1 0.005721668832773241
5 2 0.0010458963706682575
5 3 0.0010458966633063718
5 5 0.9290021219753588
5 6 6.767565205764841E-4
5 7 0.057585828316691755
5 8 6.152331916973135E-5
5 9 2.4609318522389787E-4
5 10 6.152329032726642E-5
5 11 1.2304664344195467E-4
5 13 0.0015996065233924192
5 14 1.2304658550705582E-4
5 15 6.152331175112353E-5
5 16 7.998032402605982E-4
5 18 1.8456996936735672E-4
5 19 3.691393676141459E-4
5 20 1.2304664607826042E-4
5 21 1.2301304252066095E-4
5 22 1.2304682299913412E-4
6 0 0.013514177816737178
6 1 0.009298750625240508
6 2 0.004066653285472937
6 3 0.01286947344937165
6 4 1.9836725221939516E-4
6 5 2.7276334526115173E-4
6 6 0.9520432727166793
6 7 1.983733468931771E-4
6 9 2.4796658468829532E-5
6 10 2.4796656059140974E-5
6 12 2.479743522342615E-4
6 13 0.001934140351378833
6 14 2.2316991333330247E-4
6 16 0.0015373935714306083
6 18 6.695100704810954E-4
6 19 2.479663091252663E-5
6 20 7.439000773048522E-5
6 21 9.915958948027105E-5
6 23 9.918663230384388E-5
6 24 5.207299904009466E-4
6 25 0.00200853039023601
6 26 4.9593347674440626E-5
7 0 0.0035764359713488336
7 1 0.0012622721194431514
7 3 0.0036465646328008136
7 4 1.402481488611462E-4
7 5 0.06563814866791418
7 6 5.610098242060911E-4
7 7 0.9197756187273557
7 9 2.1037860287647305E-4
7 10 2.103785824323104E-4
7 11 7.012622992764998E-5
7 12 7.012839766003366E-5
7 13 0.0027349232384246804
7 14 3.50630984548166E-4
7 16 2.8050494001289364E-4
7 18 5.610098522007641E-4
7 19 4.90882861197461E-4
7 20 2.103786942903672E-4
7 21 7.01070802302302E-5
7 23 7.012619984777223E-5
7 26 7.012624442140927E-5
8 0 1.9999991746427192E-4
8 1 3.0000001883052983E-4
8 2 9.999999837602456E-5
8 4 1.999938681267262E-4
8 5 1.0000000392587855E-4
8 8 0.9978000364739418
8 11 3.000000234066942E-4
8 14 9.99999607185389E-5
8 15 9.999999159723095E-5
8 17 1.0002433825824371E-4
8 20 4.000000397790284E-4
8 21 1.9994540066676996E-4
8 23 9.99999649083252E-5
9 0 2.963402393473724E-4
9 1 0.026744719316793352
9 2 0.002889318479074673
9 3 0.004593276816018465
9 4 0.0031855612173904762
9 5 2.963403732746228E-4
9 6 7.408509418119822E-5
9 7 2.222552854291393E-4
9 9 0.8676842881461735
9 10 5.9268046709455E-4
9 11 1.4817019238090828E-4
9 12 2.222621588935623E-4
9 13 0.0010371914495336926
9 14 2.963402452338839E-4
9 15 7.408508418496939E-5
9 16 2.9634040621023594E-4
9 17 1.4820624284817555E-4
9 18 1.4817019575616053E-4
9 19 7.408498325621776E-5
9 21 6.665837889148812E-4
9 23 0.07919693385693768
9 24 2.22255266139831E-4
9 25 0.0073344253428159496
9 26 0.0035560853521166285
10 0 0.0013358272185272355
10 1 0.003962955965805611
10 2 0.007347052614555831
10 3 4.898036446822839E-4
10 4 9.795769970658938E-4
10 5 4.452759407458387E-5
10 6 4.452759459300043E-5
10 7 1.3358278551330898E-4
10 9 3.562206192519369E-4
10 10 0.8987445350345146
10 11 3.562207664050372E-4
10 13 0.0011577176056373256
10 14 0.07850211443481872
10 16 8.905519804686375E-5
10 18 1.781103872597949E-4
10 20 8.905519350928862E-5
10 21 8.012778560626653E-4
10 23 1.7811030680405968E-4
10 24 0.0052097281828720875
11 0 0.0012113197650396948
11 1 6.607201859773051E-4
11 2 3.303600668875011E-4
11 3 9.910804779632574E-4
11 4 5.505832393692648E-5
11 5 1.1012002840733449E-4
11 7 5.506001555955433E-5
11 8 1.651800421642849E-4
11 9 1.1011998718589165E-4
11 10 4.4047990593862487E-4
11 11 0.9372315981052264
11 12 5.506171834567115E-5
11 13 2.2024008719509266E-4
11 14 0.001046139817860297
11 15 5.506000741551211E-5
11 16 1.1012004064620733E-4
11 17 5.507341269055361E-5
11 18 1.6518005277669395E-4
11 20 0.056601698008157196
11 21 1.1008996168345826E-4
11 23 1.6517997816179036E-4
11 24 5.506001078095006E-5
12 0 1.3428243035767314E-4
12 1 8.50455796624473E-4
12 2 2.2380413932353332E-4
12 3 2.6856504233409593E-4
12 6 4.4760830870092593E-4
12 7 4.4760831451241534E-5
12 9 1.342824407790546E-4
12 11 4.4760832084085544E-5
12 12 0.9383055669197659
12 13 1.3428250957064309E-4
12 14 8.952162201676463E-5
12 15 5.818907227947912E-4
12 16 8.952167064774132E-5
12 17 0.057576435694379806
12 18 1.34282499311249E-4
12 20 4.4760833043127486E-5
12 22 7.16174358461567E-4
12 25 1.7904334835333778E-4
13 0 0.005313710237847898
13 1 0.018572447978848553
13 2 0.0011751479223215374
13 3 0.0061567549678443875
13 4 3.8318866699216746E-4
13 5 6.642140799142191E-4
13 6 0.0019926422629421895
13 7 9.963211444063578E-4
13 9 3.576536014571991E-4
13 10 6.642137667307055E-4
13 11 1.0218678548638508E-4
13 12 7.664245820296112E-5
13 13 0.960709159032216
13 14 8.941339520143646E-4
13 16 3.8320047330910425E-4
13 17 2.555291199970903E-4
13 18 4.598405451637047E-4
13 20 2.2992027227046759E-4
13 21 1.0215888086002677E-4
13 22 2.5546733650901493E-5
13 23 2.2992016872257649E-4
13 24 2.04373550345974E-4
13 25 5.1093398455244006E-5
14 0 0.003338609777872608
14 1 8.902963640546209E-4
14 2 0.08311905119923885
14 3 0.0032396901974679057
14 4 3.7094542177632146E-4
14 5 4.9460907951337654E-5
14 6 2.2257408837235854E-4
14 7 1.236522729233567E-4
14 8 2.4730453908787227E-5
14 9 9.89217788730984E-5
14 10 0.04359976980138312
14 11 4.6987864375185257E-4
14 12 4.946243879676737E-5
14 13 8.655660085465168E-4
14 14 0.8581958430600806
14 16 6.182614181060008E-4
14 17 2.4736471963713857E-5
14 18 0.0016569405183430163
14 21 8.653295586759957E-4
14 22 2.4730491022483146E-5
14 23 7.17182885467203E-4
14 24 0.0014343662414237589
15 0 1.2619885761853356E-4
15 4 8.833652836398634E-4
15 5 1.261989146525371E-4
15 8 1.2619891431124176E-4
15 9 1.2619886741226135E-4
15 11 1.261989195444515E-4
15 12 0.0016406366676379523
15 15 0.9924281424745875
15 17 0.0010098369944876824
15 19 0.0016405834531920231
15 21 0.0012616445782065548
15 22 2.5239820740320424E-4
15 25 2.523978673060362E-4
16 0 0.004846666242471326
16 1 0.044941835615835764
16 2 0.004846668163879303
16 3 0.007314064911939795
16 4 8.811853903261417E-5
16 5 0.0011455761750401906
16 6 0.005463517206108901
16 7 3.5248498561560554E-4
16 9 3.5248484498905173E-4
16 10 1.7624240536764593E-4
16 11 1.7624249529950284E-4
16 12 1.762479432837719E-4
16 13 0.001321818845842654
16 14 0.002203030153975317
16 16 0.853894951529023
16 17 1.7628537590383403E-4
16 18 0.07049699972569272
16 20 3.524849981510875E-4
16 21 8.809718396664108E-5
16 23 8.812120985110476E-5
16 24 1.7624247751189012E-4
16 25 1.762425150027584E-4
16 26 0.0011455764562156266
17 0 5.721162531855601E-4
17 1 4.0048156768400425E-4
17 2 2.8605824002498844E-4
17 3 0.001087021616313695
17 8 5.7211651026171115E-5
17 9 1.1442325951914967E-4
17 11 5.721165339919838E-5
17 12 0.07357646113990601
17 13 5.721165907476116E-4
17 14 5.721162645528644E-5
17 15 4.5769315300635456E-4
17 16 1.1442331508210469E-4
17 17 0.9209884304834673
17 18 5.721165470277247E-5
17 20 1.1442330925054191E-4
17 22 0.0010298112643125764
17 23 1.1442325770583115E-4
17 25 2.86058298984021E-4
17 26 5.7211665226637215E-5
18 0 0.026286852495793964
18 1 0.007876900311733109
18 2 0.002656163848748969
18 3 0.021707276147876767
18 4 1.8317810038464077E-4
18 5 2.7477558580988237E-4
18 6 0.0024729803010808543
18 7 7.327349135370725E-4
18 9 1.831836553017363E-4
18 10 3.6636727500064485E-4
18 11 2.747755964611539E-4
18 12 2.7478409028694906E-4
18 13 0.0016486537422783847
18 14 0.006136652098268713
18 16 0.07327349769300619
18 17 9.161415020528787E-5
18 18 0.8538193895199327
18 20 2.747756023482916E-4
18 21 9.156685406726253E-5
18 23 2.747754785991689E-4
18 24 1.8318371248593316E-4
18 25 1.8318375145336146E-4
18 26 7.327350753388021E-4
19 1 2.837690656411437E-4
19 4 0.0025538431289681826
19 5 0.00170261435381906
19 6 2.8376906227364703E-4
19 7 0.001986383461704755
19 9 2.837689527461856E-4
19 15 0.003688997311805121
19 19 0.9863797835912073
19 21 0.0022695326395221196
19 22 2.8376948406226473E-4
19 23 2.8376894825026796E-4
20 0 9.091937705390332E-4
20 1 0.002443459420059281
20 2 6.818955982342274E-4
20 3 6.25071139940703E-4
20 4 2.2729156760647318E-4
20 5 1.1364927267974008E-4
20 6 1.7047391100436914E-4
20 7 1.704739132176362E-4
20 8 2.2729854474476854E-4
20 10 1.136492190929872E-4
20 11 0.05841572842178612
20 12 5.68263950980745E-5
20 13 5.114217976055298E-4
20 16 2.2729857062171534E-4
20 17 1.1367692847213862E-4
20 18 1.704739195111035E-4
20 20 0.9345380254942095
20 21 1.1361824234472284E-4
20 23 1.1364922833657344E-4
20 25 5.682464489537645E-5
21 0 0.0031727934481460534
21 1 4.44191293872223E-4
21 2 6.345589411243692E-4
21 3 1.9036773558697354E-4
21 4 0.0597736210472354
21 5 1.2691179526636977E-4
21 6 2.5382359348709836E-4
21 7 6.345589919539911E-5
21 8 1.2691179492324025E-4
21 9 5.711028649749245E-4
21 10 0.0011422056189829394
21 11 1.269118001845754E-4
21 13 2.5382362553619253E-4
21 14 0.0022209554578073334
21 15 6.345588981206721E-4
21 16 6.345590468382405E-5
21 18 6.345590153739124E-5
21 19 5.076464270993371E-4
21 20 1.269118029029507E-4
21 21 0.9283601303064418
21 23 8.249263474530931E-4
21 24 1.9036768106888493E-4
21 25 1.269118143689672E-4
22 3 1.2777895628866915E-4
22 5 2.555578552561575E-4
22 12 0.002044526119549988
22 13 1.2777894525422577E-4
22 14 1.2777887241812282E-4
22 15 2.5555782374928407E-4
22 17 0.0023005803928045493
22 19 1.277787377965486E-4
22 22 0.9943771044031496
22 25 2.5555789373295473E-4
23 0 1.953379609083706E-4
23 1 0.0012371410072811533
23 2 2.604507177972482E-4
23 3 0.0055345793017462465
23 4 9.115495787156102E-4
23 6 2.6045073528419894E-4
23 7 6.511268466640895E-5
23 8 6.511268288687711E-5
23 9 0.06960543213877986
23 10 2.6045060944684386E-4
23 11 1.9533805676089682E-4
23 13 5.860142284028386E-4
23 14 0.0018882669929561737
23 16 6.51126902996684E-5
23 17 1.3025705558582972E-4
23 18 1.9533806121061232E-4
23 19 6.511258633014219E-5
23 20 1.3022537396404198E-4
23 21 8.462337645958138E-4
23 23 0.8722491619812677
23 24 4.5578875310742136E-4
23 25 0.04115122189151302
23 26 0.003646311146492837
24 0 1.3430025138692087E-4
24 2 0.004364759900435406
24 4 6.714809462386022E-5
24 6 0.0014101532932814926
24 9 2.014503927140433E-4
24 10 0.007856564552362793
24 11 6.715015864410284E-5
24 13 5.372013224317862E-4
24 14 0.003894707367585313
24 16 1.3430032700854948E-4
24 18 1.3430032034750914E-4
24 21 2.013954649139144E-4
24 23 4.700509088854652E-4
24 24 0.9801236166484714
24 25 4.0290099690743733E-4
25 0 1.3319117980019557E-4
25 1 1.9978686468838201E-4
25 2 0.001398507942325078
25 3 5.993607144097391E-4
25 4 1.99780726808838E-4
25 6 0.005394245282572527
25 9 0.006592963911760165
25 12 2.6639072469451797E-4
25 13 1.3319125836701887E-4
25 15 1.331912235736281E-4
25 16 1.3319125479734537E-4
25 17 3.3305912799256584E-4
25 18 1.3319124819131153E-4
25 20 6.659562400546423E-5
25 21 1.3315487399675896E-4
25 22 1.3319143951810288E-4
25 23 0.04208841541632329
25 24 3.995736951440656E-4
25 25 0.9392647658553795
25 26 0.0022642516356513698
26 0 3.83435295062289E-4
26 1 7.668709547311963E-4
26 3 0.0011503066630648864
26 4 3.8342369740699113E-4
26 6 7.668709456306985E-4
26 7 3.834354777935025E-4
26 9 0.018404895591311757
26 16 0.004984661642566492
26 17 3.8352877483193473E-4
26 18 0.0030674839355918134
26 23 0.021472377849663667
26 25 0.013036807886758943
26 26 0.9348159012855859
